4.163265306122448939e-02 7.013454289475773069e+90 -3.480375017567392162e+91
4.244897959183673714e-02 1.583422179970929456e+92 -7.463569170663386387e+92
4.326530612244897794e-02 3.504441919065837443e+93 -1.568200766227664794e+94
4.408163265306122569e-02 7.605936905827003157e+94 -3.229477213093812993e+95
4.489795918367346650e-02 1.619373112131240020e+96 -6.520371531362480596e+96
4.571428571428571425e-02 3.383333109275516773e+97 -1.291069143600712922e+98
4.653061224489796199e-02 6.938800710072449878e+98 -2.507752822102290842e+99
4.734693877551020280e-02 1.397330901614370794e+100 -4.779612559402404989e+100
4.816326530612245055e-02 2.763873156245335177e+101 -8.940911232587075965e+101
4.897959183673469136e-02 5.371126833635328010e+102 -1.641928010358281323e+103
4.979591836734693910e-02 1.025797173964401371e+104 -2.960775636187473205e+104
5.061224489795918685e-02 1.925851468539926828e+105 -5.243549633591964223e+105
5.142857142857142766e-02 3.555182949066848055e+106 -9.122138999779712892e+106
5.224489795918367541e-02 6.454879041902053481e+107 -1.559177615977593839e+108
5.306122448979591621e-02 1.152940702715060018e+109 -2.618733233325239618e+109
5.387755102040816396e-02 2.026380629014262544e+110 -4.322603829984111469e+110
5.469387755102040477e-02 3.505336043323308879e+111 -7.013130746959684567e+111
5.551020408163265252e-02 5.969381085544245291e+112 -1.118500078271927833e+113
5.632653061224490026e-02 1.000952741445347904e+114 -1.753692926677345601e+114
5.714285714285714107e-02 1.653001955873323936e+115 -2.703273407857299405e+115
5.795918367346938882e-02 2.689038393003815154e+116 -4.096934215850976056e+116
5.877551020408162963e-02 4.309930979897055180e+117 -6.104651982300857027e+117
5.959183673469387738e-02 6.807329342225337230e+118 -8.942944069099355275e+118
6.040816326530612512e-02 1.059735594897757678e+120 -1.287906509520780866e+120
6.122448979591836593e-02 1.626340892969660041e+121 -1.823127905789290649e+121
6.204081632653061368e-02 2.460910561730551528e+122 -2.536280421734988255e+122
6.285714285714286143e-02 3.672189916141422322e+123 -3.466654345950990527e+123
6.367346938775510223e-02 5.404710286830025086e+124 -4.653738231163040909e+124
6.448979591836734304e-02 7.847092024047376584e+125 -6.132878194641564451e+125
6.530612244897959773e-02 1.124095932444540960e+127 -7.929074837919541677e+126
6.612244897959183854e-02 1.588999805739498646e+128 -1.004871483391380789e+128
6.693877551020407934e-02 2.216848509471023447e+129 -1.246918638819747337e+129
6.775510204081632015e-02 3.052840778705434899e+130 -1.512654715546641372e+130
6.857142857142857484e-02 4.150409725333401482e+131 -1.790169530877000306e+131
6.938775510204081565e-02 5.571314701888684316e+132 -2.060582413148767665e+132
7.020408163265305646e-02 7.385231116456915815e+133 -2.296629060882137505e+133
7.102040816326531114e-02 9.668710622586187348e+134 -2.461436036368500161e+134
7.183673469387755195e-02 1.250340078238529660e+136 -2.507655708081562189e+135
7.265306122448979276e-02 1.597344571861669302e+137 -2.377149182076439093e+136
7.346938775510204744e-02 2.016203815149982627e+138 -2.001402578568134721e+137
7.428571428571428825e-02 2.514715747466586412e+139 -1.302838825176941063e+138
7.510204081632652906e-02 3.099660497422944098e+140 -1.971406620009883131e+138
7.591836734693876987e-02 3.776253057610208625e+141 1.403368995826877562e+140
7.673469387755102455e-02 4.547572831082239396e+142 3.585332575250815823e+141
7.755102040816326536e-02 5.414005128370377818e+143 6.429095298520342039e+142
7.836734693877550617e-02 6.372735203188964337e+144 1.000282763610249358e+144
7.918367346938776086e-02 7.417338190101814870e+145 1.435638566652446561e+145
8.000000000000000167e-02 8.537507631058043185e+146 1.951534270135900764e+146
8.081632653061224247e-02 9.718960707268601779e+147 2.547567492042093481e+147
8.163265306122448328e-02 1.094354975639200725e+149 3.219959263592361119e+148
8.244897959183673797e-02 1.218959750093312907e+150 3.961297134350799420e+149
8.326530612244897878e-02 1.343245842259469507e+151 4.760475193109686040e+150
8.408163265306121958e-02 1.464529204716251302e+152 5.602855165156687908e+151
8.489795918367347427e-02 1.580001699702324915e+153 6.470656637028147474e+152
8.571428571428571508e-02 1.686839909872994039e+154 7.343566426426385133e+153
8.653061224489795589e-02 1.782321414206128820e+155 8.199538866554624560e+154
8.734693877551021057e-02 1.863941740651241922e+156 9.015742131009129974e+155
8.816326530612245138e-02 1.929524875968842455e+157 9.769592399024673034e+156
8.897959183673469219e-02 1.977320446291766033e+158 1.043980905632698066e+158
8.979591836734693300e-02 2.006081470964307258e+159 1.100742116524944778e+159
9.061224489795918768e-02 2.015117873987868897e+160 1.145665845309952357e+160
9.142857142857142849e-02 2.004322599662452911e+161 1.177566875964075765e+161
9.224489795918366930e-02 1.974169073827913530e+162 1.195701737531705150e+162
9.306122448979592399e-02 1.925680710610777762e+163 1.199794062818870302e+163
9.387755102040816479e-02 1.860375016945710841e+164 1.190034477854167636e+164
9.469387755102040560e-02 1.780186438629438202e+165 1.167055997270903171e+165
9.551020408163264641e-02 1.687373299520767922e+166 1.131887600512172978e+166
9.632653061224490110e-02 1.584414928703429651e+167 1.085890051372760411e+167
9.714285714285714191e-02 1.473905316029036171e+168 1.030678996519830062e+168
9.795918367346938271e-02 1.358449399606996417e+169 9.680408831725375336e+168
9.877551020408163740e-02 1.240567426913502597e+170 8.998472671162008231e+169
9.959183673469387821e-02 1.122611835502143183e+171 8.279726809234118760e+170
1.004081632653061190e-01 1.006699881755478749e+172 7.542204761246410874e+171
1.012244897959183737e-01 8.946639271730183560e+172 6.802600448107651584e+172
1.020408163265306145e-01 7.880199870540067038e+173 6.075776796579378563e+173
1.028571428571428553e-01 6.879539569518114026e+174 5.374421592744955201e+174
1.036734693877550961e-01 5.953239359760123171e+175 4.708850481325956152e+175
1.044897959183673508e-01 5.106763138298155311e+176 4.086947565269347753e+176
1.053061224489795916e-01 4.342728033108160950e+177 3.514226699360409426e+177
1.061224489795918324e-01 3.661253787914069043e+178 2.993991559887720279e+178
1.069387755102040871e-01 3.060360990661118137e+179 2.527569929198992211e+179
1.077551020408163279e-01 2.536390093774544464e+180 2.114597170117089625e+180
1.085714285714285687e-01 2.084416821424726514e+181 1.753325233230408258e+181
1.093877551020408095e-01 1.698644155967182718e+182 1.440936300380191166e+182
1.102040816326530642e-01 1.372756129008514240e+183 1.173843843436891680e+183
1.110204081632653050e-01 1.100223662219157958e+184 9.479680083367702117e+183
1.118367346938775458e-01 8.745573490200179640e+184 7.589764146859115244e+184
1.126530612244898005e-01 6.895060838646316354e+185 6.024853659131042193e+185
1.134693877551020413e-01 5.392036785331376447e+186 4.742198618182406604e+186
1.142857142857142821e-01 4.182679963479623343e+187 3.701335549669929502e+187
1.151020408163265368e-01 3.218587064096428729e+188 2.864918402602279867e+188
1.159183673469387776e-01 2.457005899632789690e+189 2.199226276642263952e+189
1.167346938775510184e-01 1.860795377134429310e+190 1.674400880510656335e+190
1.175510204081632593e-01 1.398180970875677276e+191 1.264468807672567066e+191
1.183673469387755139e-01 1.042368020355696596e+192 9.472018462690833499e+191
1.191836734693877548e-01 7.710667547838123079e+192 7.038637921240445191e+192
1.199999999999999956e-01 5.659734887156279454e+193 5.188856985526456582e+193
1.208163265306122502e-01 4.122428519158230814e+194 3.795041113227815609e+194
1.216326530612244911e-01 2.979768802103293844e+195 2.753893464320346540e+195
1.224489795918367319e-01 2.137487487374410471e+196 1.982838172772335085e+196
1.232653061224489727e-01 1.521721224455012098e+197 1.416641623937389004e+197
1.240816326530612274e-01 1.075216180963476764e+198 1.004356581930226323e+198
1.248979591836734682e-01 7.540568380223262733e+198 7.066318514797696335e+198
1.257142857142857229e-01 5.249019028313443236e+199 4.933981617709467692e+199
1.265306122448979498e-01 3.626902825370236187e+200 3.419181384313831259e+200
1.273469387755102045e-01 2.487683348169481369e+201 2.351732328093565246e+201
1.281632653061224592e-01 1.693842993117533128e+202 1.605518126571354709e+202
1.289795918367346861e-01 1.144952099144744828e+203 1.087988150403914043e+203
1.297959183673469408e-01 7.683420690487020463e+203 7.318708113014174318e+203
1.306122448979591955e-01 5.119079035037510490e+204 4.887258602981378176e+204
1.314285714285714224e-01 3.386223088395308576e+205 3.239931436861747044e+205
1.322448979591836771e-01 2.224037880278318551e+206 2.132379839348281175e+206
1.330612244897959318e-01 1.450400163641589604e+207 1.393380989713331125e+207
1.338775510204081587e-01 9.392225449925969704e+207 9.040027747552204545e+207
1.346938775510204134e-01 6.039485577193121080e+208 5.823470986403873187e+208
1.355102040816326403e-01 3.856538983026608739e+209 3.724978289479697835e+209
1.363265306122448950e-01 2.445553762291116277e+210 2.365987115295685672e+210
1.371428571428571497e-01 1.540116595538408130e+211 1.492329246241734093e+211
1.379591836734693766e-01 9.632563559078390861e+211 9.347536055581182071e+211
1.387755102040816313e-01 5.983521834344705639e+212 5.814684954331933921e+212
1.395918367346938860e-01 3.691588032299404202e+213 3.592260604642725217e+213
1.404081632653061129e-01 2.262170805838958037e+214 2.204133558865159159e+214
1.412244897959183676e-01 1.376916681241495332e+215 1.343234949471732585e+215
1.420408163265306223e-01 8.324806601529183896e+215 8.130652710925194558e+215
1.428571428571428492e-01 4.999640993264717314e+216 4.888474022758882854e+216
1.436734693877551039e-01 2.982740365299245767e+217 2.919514150824056230e+217
1.444897959183673586e-01 1.767737086552302694e+218 1.732016061425072101e+218
1.453061224489795855e-01 1.040780037476114976e+219 1.020732113823259121e+219
1.461224489795918402e-01 6.087691057195058468e+219 5.975915482862345255e+219
1.469387755102040949e-01 3.537624914347039308e+220 3.475713665674989583e+220
1.477551020408163218e-01 2.042440903586931765e+221 2.008372614262419681e+221
1.485714285714285765e-01 1.171597968870857663e+222 1.152972722784110827e+222
1.493877551020408034e-01 6.677468205092358395e+222 6.576301567877921209e+222
1.502040816326530581e-01 3.781479277014994273e+223 3.726882282040079278e+223
1.510204081632653128e-01 2.127848609390334752e+224 2.098572815328098256e+224
1.518367346938775397e-01 1.189764813852999028e+225 1.174166796694035961e+225
1.526530612244897944e-01 6.610511452368690171e+225 6.527933714468284973e+225
1.534693877551020491e-01 3.649846216788046618e+226 3.606405055733029390e+226
1.542857142857142760e-01 2.002587580322138257e+227 1.979878655918768810e+227
1.551020408163265307e-01 1.091937228007152182e+228 1.080140539382862398e+228
1.559183673469387854e-01 5.917042047055723498e+228 5.856143958136646798e+228
1.567346938775510123e-01 3.186573685755935433e+229 3.155331697430254848e+229
1.575510204081632670e-01 1.705559905382320470e+230 1.689631347603841559e+230
1.583673469387755217e-01 9.072875372959953017e+230 8.992165206484481802e+230
1.591836734693877486e-01 4.796992056163247734e+231 4.756347244122784907e+231
1.600000000000000033e-01 2.520868274413288277e+232 2.500525131244049287e+232
1.608163265306122580e-01 1.316737794096864804e+233 1.306617854855312499e+233
1.616326530612244849e-01 6.836396223898971079e+233 6.786358746537993532e+233
1.624489795918367396e-01 3.528130111530104900e+234 3.503538828686376603e+234
1.632653061224489666e-01 1.809930747213592367e+235 1.797917905544417380e+235
1.640816326530612212e-01 9.229746347730345548e+235 9.171415335446199412e+235
1.648979591836734759e-01 4.678841712912586746e+236 4.650686892626957990e+236
1.657142857142857029e-01 2.357859641530771558e+237 2.344350875541486391e+237
1.665306122448979576e-01 1.181241447865397274e+238 1.174798296244046260e+238
1.673469387755102122e-01 5.883158625705718530e+238 5.852608658018130543e+238
1.681632653061224392e-01 2.913020290399223346e+239 2.898620281358141219e+239
1.689795918367346939e-01 1.433994046335869141e+240 1.427246216012261950e+240
1.697959183673469485e-01 7.018297784473635944e+240 6.986861978783383437e+240
1.706122448979591755e-01 3.415123850147287494e+241 3.400564108564424911e+241
1.714285714285714302e-01 1.652269443690458584e+242 1.645565029352064676e+242
1.722448979591836848e-01 7.948120783634940249e+242 7.917426640265804418e+242
1.730612244897959118e-01 3.801601167266899400e+243 3.787629540686141108e+243
1.738775510204081665e-01 1.807991541051567374e+244 1.801668232120180435e+244
1.746938775510204211e-01 8.549941306280268689e+244 8.521486416089035802e+244
1.755102040816326481e-01 4.020460772394521033e+245 4.007728863388028234e+245
1.763265306122449028e-01 1.879937675980247429e+246 1.874273155352821439e+246
1.771428571428571297e-01 8.741277027946887393e+246 8.716217397521407298e+246
1.779591836734693844e-01 4.041838185398553056e+247 4.030814247060002125e+247
1.787755102040816391e-01 1.858507329998431367e+248 1.853684986195540759e+248
1.795918367346938660e-01 8.498447154450645190e+248 8.477469958908069108e+248
1.804081632653061207e-01 3.864678457113254471e+249 3.855604158950943667e+249
1.812244897959183754e-01 1.747809536460230168e+250 1.743905953241762020e+250
1.820408163265306023e-01 7.861224058612590472e+250 7.844524424574820135e+250
1.828571428571428570e-01 3.516493976219405199e+251 3.509389176559587719e+251
1.836734693877551117e-01 1.564449097864626080e+252 1.561442978186338978e+252
1.844897959183673386e-01 6.922341140993879650e+252 6.909691495798965681e+252
1.853061224489795933e-01 3.046439999933471638e+253 3.041146095556745233e+253
1.861224489795918480e-01 1.333485578918756765e+254 1.331282107316337406e+254
1.869387755102040749e-01 5.805611887256244311e+254 5.796490092151033276e+254
1.877551020408163296e-01 2.514082365090244335e+255 2.510326565105623167e+255
1.885714285714285843e-01 1.082905607473485687e+256 1.081367517955973530e+256
1.893877551020408112e-01 4.639690404438216042e+256 4.633425341532836769e+256
1.902040816326530659e-01 1.977344451331342731e+257 1.974806159750793892e+257
1.910204081632652928e-01 8.382588443256606900e+257 8.372359345134981630e+257
1.918367346938775475e-01 3.534955381815225859e+258 3.530855036951153761e+258
1.926530612244898022e-01 1.482883825422571163e+259 1.481248899779736086e+259
1.934693877551020291e-01 6.188067946587868056e+259 6.181583431380003553e+259
1.942857142857142838e-01 2.568828206400025827e+260 2.566269819937762136e+260
1.951020408163265385e-01 1.060850811598179659e+261 1.059846725195835607e+261
1.959183673469387654e-01 4.358328750980527770e+261 4.354408630318041304e+261
1.967346938775510201e-01 1.781308638886409967e+262 1.779786135591768724e+262
1.975510204081632748e-01 7.243007027536318414e+262 7.237124628443385355e+262
1.983673469387755017e-01 2.929990085624875901e+263 2.927729114121665079e+263
1.991836734693877564e-01 1.179200927902786437e+264 1.178336384291108394e+264
2.000000000000000111e-01 4.721616776623987894e+264 4.718327982150176153e+264
2.008163265306122380e-01 1.880969284997488470e+265 1.879724623349065605e+265
2.016326530612244927e-01 7.455339797616768101e+265 7.450653419750233788e+265
2.024489795918367474e-01 2.940049323413608301e+266 2.938293821382154813e+266
2.032653061224489743e-01 1.153585618063716276e+267 1.152931358672074229e+267
2.040816326530612290e-01 4.503598252919853083e+267 4.501172259095644942e+267
2.048979591836734560e-01 1.749405695853080136e+268 1.748510687772913104e+268
2.057142857142857106e-01 6.761591856206208550e+268 6.758306608292899147e+268
2.065306122448979653e-01 2.600406670387195854e+269 2.599206840714508100e+269
2.073469387755101923e-01 9.951162533925402853e+269 9.946802522949456539e+269
2.081632653061224469e-01 3.789246596249732576e+270 3.787670153065488463e+270
2.089795918367347016e-01 1.435769218111694382e+271 1.435202068044237520e+271
2.097959183673469286e-01 5.413464483851786501e+271 5.411434219018867688e+271
2.106122448979591832e-01 2.031098302469814500e+272 2.030375118988631347e+272
2.114285714285714379e-01 7.583289801110974020e+272 7.580726548463383854e+272
2.122448979591836649e-01 2.817483826104684059e+273 2.816579786613206620e+273
2.130612244897959195e-01 1.041713368655302082e+274 1.041396088895074747e+274
2.138775510204081742e-01 3.832869035817129694e+274 3.831760978639236108e+274
2.146938775510204012e-01 1.403442160262639584e+275 1.403057078794733245e+275
2.155102040816326558e-01 5.114058174893952503e+275 5.112726434817443119e+275
2.163265306122449105e-01 1.854569775877177900e+276 1.854111456273488409e+276
2.171428571428571375e-01 6.693184153541546120e+276 6.691614495049210965e+276
2.179591836734693922e-01 2.404031312078115201e+277 2.403496334839154144e+277
2.187755102040816191e-01 8.593514914068071685e+277 8.591700383059806029e+277
2.195918367346938738e-01 3.057246755674202663e+278 3.056634267140557323e+278
2.204081632653061285e-01 1.082491814231738480e+279 1.082286063453954665e+279
2.212244897959183554e-01 3.814685175610218075e+279 3.813997315076372753e+279
2.220408163265306101e-01 1.337944727034975991e+280 1.337715861673531161e+280
2.228571428571428648e-01 4.670554303531437777e+280 4.669796449001231908e+280
2.236734693877550917e-01 1.622761933197712393e+281 1.622512173109838207e+281
2.244897959183673464e-01 5.611805812621750973e+281 5.610986599533523464e+281
2.253061224489796011e-01 1.931599826808555436e+282 1.931332395289536116e+282
2.261224489795918280e-01 6.617647060079952474e+282 6.616778149007326078e+282
2.269387755102040827e-01 2.256665256458723907e+283 2.256384266870849348e+283
2.277551020408163374e-01 7.659720422454959396e+283 7.658816018691837622e+283
2.285714285714285643e-01 2.587891257016721346e+284 2.587601524811178232e+284
2.293877551020408190e-01 8.703050668605180186e+284 8.702126824988928469e+284
2.302040816326530737e-01 2.913361642258419955e+285 2.913068436571701541e+285
2.310204081632653006e-01 9.707773952833752090e+285 9.706847712961221204e+285
2.318367346938775553e-01 3.219972909706732031e+286 3.219681665972165340e+286
2.326530612244897822e-01 1.063155967731167922e+287 1.063064813551787709e+287
2.334693877551020369e-01 3.494288844988095046e+287 3.494004864660026036e+287
2.342857142857142916e-01 1.143253388656950968e+288 1.143165325070894796e+288
2.351020408163265185e-01 3.723512772775769262e+288 3.723240937609088876e+288
2.359183673469387732e-01 1.207242722523107669e+289 1.207159196700266034e+289
2.367346938775510279e-01 3.896479959591112841e+289 3.896224485781249051e+289
2.375510204081632548e-01 1.251961773958550789e+290 1.251883990523657397e+290
2.383673469387755095e-01 4.004562660539571132e+290 4.004326912800254351e+290
2.391836734693877642e-01 1.275173024669502781e+291 1.275101898047811148e+291
2.399999999999999911e-01 4.042385234665958723e+291 4.042171612873599519e+291
2.408163265306122458e-01 1.275749374059279910e+292 1.275685504764072758e+292
2.416326530612245005e-01 4.008266614445392609e+292 4.008076516982293436e+292
2.424489795918367274e-01 1.253764203641414845e+293 1.253707878467163264e+293
2.432653061224489821e-01 3.904339533488378578e+293 3.904173393125401036e+293
2.440816326530612368e-01 1.210475835298543325e+294 1.210427048931087138e+294
2.448979591836734637e-01 3.736335411624909318e+294 3.736192792810712552e+294
2.457142857142857184e-01 1.148209387292624707e+295 1.148167880953343519e+295
2.465306122448979453e-01 3.513064482977252959e+295 3.512944224543904867e+295
2.473469387755102000e-01 1.070151326002400340e+296 1.070116637596213570e+296
2.481632653061224547e-01 3.245656324256395121e+296 3.245556709195207315e+296
2.489795918367346816e-01 9.800817949648531692e+296 9.800533148555562219e+296
2.497959183673469363e-01 2.946651148258001702e+297 2.946570082325983273e+297
2.506122448979591910e-01 8.820757020359202348e+297 8.820527289542081803e+297
2.514285714285714457e-01 2.629043813210034327e+298 2.628978996300918331e+298
2.522448979591837004e-01 7.802049115581035264e+298 7.801867040897821673e+298
2.530612244897958996e-01 2.305379674152317983e+299 2.305328751974786927e+299
2.538775510204081542e-01 6.782708687618922249e+299 6.782566891458980745e+299
2.546938775510204089e-01 1.986985814256478336e+300 1.986946502180084383e+300
2.555102040816326636e-01 5.795904308039708331e+300 5.795795791637137738e+300
2.563265306122449183e-01 1.683396410488076400e+301 1.683366585757051609e+301
2.571428571428571175e-01 4.868489301444071913e+301 4.868407685830918187e+301
2.579591836734693722e-01 1.402001665922391685e+302 1.401979428250579926e+302
2.587755102040816269e-01 4.020250833825096275e+302 4.020190504494629152e+302
2.595918367346938815e-01 1.147920678338572712e+303 1.147904381830751454e+303
2.604081632653061362e-01 3.263837163800983912e+303 3.263793331814430499e+303
2.612244897959183909e-01 9.240738970010325890e+303 9.240621582471336695e+303
2.620408163265305901e-01 2.605255067869932777e+304 2.605223764526202162e+304
2.628571428571428448e-01 7.314132240228974050e+304 7.314049121101988496e+304
2.636734693877550995e-01 2.044786815147114618e+305 2.044764838758741181e+305
2.644897959183673541e-01 5.692585516240930418e+305 5.692527658650552454e+305
2.653061224489796088e-01 1.578159861580014115e+306 1.578144693990167215e+306
2.661224489795918635e-01 4.356883053442863780e+306 4.356843459519674914e+306
2.669387755102040627e-01 1.197809744662133983e+307 1.197799452663751468e+307
2.677551020408163174e-01 3.279369361908519475e+307 3.279342721949291818e+307
2.685714285714285721e-01 8.941016163021230535e+307 8.940947498323889747e+307
2.693877551020408267e-01 inf inf
2.702040816326530814e-01 inf inf
2.710204081632652806e-01 inf inf
2.718367346938775353e-01 inf inf
2.726530612244897900e-01 inf inf
2.734693877551020447e-01 inf inf
2.742857142857142994e-01 inf inf
2.751020408163265540e-01 inf inf
2.759183673469387532e-01 inf inf
2.767346938775510079e-01 inf inf
2.775510204081632626e-01 inf inf
2.783673469387755173e-01 inf inf
2.791836734693877720e-01 inf inf
2.800000000000000266e-01 inf nan
2.808163265306122258e-01 inf nan
2.816326530612244805e-01 inf nan
2.824489795918367352e-01 inf nan
2.832653061224489899e-01 inf nan
2.840816326530612446e-01 inf nan
2.848979591836734437e-01 inf nan
2.857142857142856984e-01 inf nan
2.865306122448979531e-01 inf nan
2.873469387755102078e-01 inf nan
2.881632653061224625e-01 inf nan
2.889795918367347172e-01 inf nan
2.897959183673469163e-01 inf nan
2.906122448979591710e-01 inf nan
2.914285714285714257e-01 inf nan
2.922448979591836804e-01 inf nan
2.930612244897959351e-01 inf nan
2.938775510204081898e-01 inf nan
2.946938775510203889e-01 inf nan
2.955102040816326436e-01 inf nan
2.963265306122448983e-01 inf nan
2.971428571428571530e-01 inf nan
2.979591836734694077e-01 inf nan
2.987755102040816069e-01 inf nan
2.995918367346938616e-01 inf nan
3.004081632653061162e-01 inf nan
3.012244897959183709e-01 inf nan
3.020408163265306256e-01 inf nan
3.028571428571428803e-01 inf nan
3.036734693877550795e-01 inf nan
3.044897959183673342e-01 inf nan
3.053061224489795888e-01 inf nan
3.061224489795918435e-01 inf nan
3.069387755102040982e-01 inf nan
3.077551020408163529e-01 inf nan
3.085714285714285521e-01 inf nan
3.093877551020408068e-01 inf nan
3.102040816326530615e-01 inf nan
3.110204081632653161e-01 inf nan
3.118367346938775708e-01 inf nan
3.126530612244897700e-01 inf nan
3.134693877551020247e-01 inf nan
3.142857142857142794e-01 inf nan
3.151020408163265341e-01 inf nan
3.159183673469387887e-01 inf nan
3.167346938775510434e-01 inf nan
3.175510204081632426e-01 inf nan
3.183673469387754973e-01 inf nan
3.191836734693877520e-01 inf nan
3.200000000000000067e-01 inf nan
3.208163265306122613e-01 inf nan
3.216326530612245160e-01 inf nan
3.224489795918367152e-01 inf nan
3.232653061224489699e-01 inf nan
3.240816326530612246e-01 inf nan
3.248979591836734793e-01 inf nan
3.257142857142857340e-01 inf nan
3.265306122448979331e-01 inf nan
3.273469387755101878e-01 inf nan
3.281632653061224425e-01 inf nan
3.289795918367346972e-01 inf nan
3.297959183673469519e-01 inf nan
3.306122448979592066e-01 inf nan
3.314285714285714057e-01 inf nan
3.322448979591836604e-01 inf nan
3.330612244897959151e-01 inf nan
3.338775510204081698e-01 inf nan
3.346938775510204245e-01 inf nan
3.355102040816326792e-01 inf nan
3.363265306122448783e-01 inf nan
3.371428571428571330e-01 inf nan
3.379591836734693877e-01 inf nan
3.387755102040816424e-01 inf nan
3.395918367346938971e-01 inf nan
3.404081632653060963e-01 inf nan
3.412244897959183509e-01 inf nan
3.420408163265306056e-01 inf nan
3.428571428571428603e-01 inf nan
3.436734693877551150e-01 inf nan
3.444897959183673697e-01 inf nan
3.453061224489795689e-01 inf nan
3.461224489795918235e-01 inf nan
3.469387755102040782e-01 inf nan
3.477551020408163329e-01 inf nan
3.485714285714285876e-01 inf nan
3.493877551020408423e-01 inf nan
3.502040816326530415e-01 inf nan
3.510204081632652962e-01 inf nan
3.518367346938775508e-01 inf nan
3.526530612244898055e-01 inf nan
3.534693877551020602e-01 inf nan
3.542857142857142594e-01 inf nan
3.551020408163265141e-01 inf nan
3.559183673469387688e-01 inf nan
3.567346938775510234e-01 inf nan
3.575510204081632781e-01 inf nan
3.583673469387755328e-01 inf nan
3.591836734693877320e-01 inf nan
3.599999999999999867e-01 inf nan
3.608163265306122414e-01 inf nan
3.616326530612244960e-01 inf nan
3.624489795918367507e-01 inf nan
3.632653061224490054e-01 inf nan
3.640816326530612046e-01 inf nan
3.648979591836734593e-01 inf nan
3.657142857142857140e-01 inf nan
3.665306122448979687e-01 inf nan
3.673469387755102233e-01 inf nan
3.681632653061224225e-01 inf nan
3.689795918367346772e-01 inf nan
3.697959183673469319e-01 inf nan
3.706122448979591866e-01 inf nan
3.714285714285714413e-01 inf nan
3.722448979591836959e-01 inf nan
3.730612244897958951e-01 inf nan
3.738775510204081498e-01 inf nan
3.746938775510204045e-01 inf nan
3.755102040816326592e-01 inf nan
3.763265306122449139e-01 inf nan
3.771428571428571686e-01 inf nan
3.779591836734693677e-01 inf nan
3.787755102040816224e-01 inf nan
3.795918367346938771e-01 inf nan
3.804081632653061318e-01 inf nan
3.812244897959183865e-01 inf nan
3.820408163265305856e-01 inf nan
3.828571428571428403e-01 inf nan
3.836734693877550950e-01 inf nan
3.844897959183673497e-01 inf nan
3.853061224489796044e-01 inf nan
3.861224489795918591e-01 inf nan
3.869387755102040582e-01 inf nan
3.877551020408163129e-01 inf nan
3.885714285714285676e-01 inf nan
3.893877551020408223e-01 inf nan
3.902040816326530770e-01 inf nan
3.910204081632653317e-01 inf nan
3.918367346938775309e-01 inf nan
3.926530612244897855e-01 inf nan
3.934693877551020402e-01 inf nan
3.942857142857142949e-01 inf nan
3.951020408163265496e-01 inf nan
3.959183673469387488e-01 inf nan
3.967346938775510035e-01 inf nan
3.975510204081632581e-01 inf nan
3.983673469387755128e-01 inf nan
3.991836734693877675e-01 inf nan
4.000000000000000222e-01 inf nan
4.008163265306122214e-01 inf nan
4.016326530612244761e-01 inf nan
4.024489795918367308e-01 inf nan
4.032653061224489854e-01 inf nan
4.040816326530612401e-01 inf nan
4.048979591836734948e-01 inf nan
4.057142857142856940e-01 inf nan
4.065306122448979487e-01 inf nan
4.073469387755102034e-01 inf nan
4.081632653061224580e-01 inf nan
4.089795918367347127e-01 inf nan
4.097959183673469119e-01 inf nan
4.106122448979591666e-01 inf nan
4.114285714285714213e-01 inf nan
4.122448979591836760e-01 inf nan
4.130612244897959306e-01 inf nan
4.138775510204081853e-01 inf nan
4.146938775510203845e-01 inf nan
4.155102040816326392e-01 inf nan
4.163265306122448939e-01 inf nan
4.171428571428571486e-01 inf nan
4.179591836734694033e-01 inf nan
4.187755102040816579e-01 inf nan
4.195918367346938571e-01 inf nan
4.204081632653061118e-01 inf nan
4.212244897959183665e-01 inf nan
4.220408163265306212e-01 inf nan
4.228571428571428759e-01 inf nan
4.236734693877550750e-01 inf nan
4.244897959183673297e-01 inf nan
4.253061224489795844e-01 inf nan
4.261224489795918391e-01 inf nan
4.269387755102040938e-01 inf nan
4.277551020408163485e-01 inf nan
4.285714285714285476e-01 inf nan
4.293877551020408023e-01 inf nan
4.302040816326530570e-01 inf nan
4.310204081632653117e-01 inf nan
4.318367346938775664e-01 inf nan
4.326530612244898211e-01 inf nan
4.334693877551020202e-01 inf nan
4.342857142857142749e-01 inf nan
4.351020408163265296e-01 inf nan
4.359183673469387843e-01 inf nan
4.367346938775510390e-01 inf nan
4.375510204081632382e-01 inf nan
4.383673469387754928e-01 inf nan
4.391836734693877475e-01 inf nan
4.400000000000000022e-01 inf nan
4.408163265306122569e-01 inf nan
4.416326530612245116e-01 inf nan
4.424489795918367108e-01 inf nan
4.432653061224489655e-01 inf nan
4.440816326530612201e-01 inf nan
4.448979591836734748e-01 inf nan
4.457142857142857295e-01 inf nan
4.465306122448979842e-01 inf nan
4.473469387755101834e-01 inf nan
4.481632653061224381e-01 inf nan
4.489795918367346927e-01 inf nan
4.497959183673469474e-01 inf nan
4.506122448979592021e-01 inf nan
4.514285714285714013e-01 inf nan
4.522448979591836560e-01 inf nan
4.530612244897959107e-01 inf nan
4.538775510204081653e-01 inf nan
4.546938775510204200e-01 inf nan
4.555102040816326747e-01 inf nan
4.563265306122448739e-01 inf nan
4.571428571428571286e-01 inf nan
4.579591836734693833e-01 inf nan
4.587755102040816380e-01 inf nan
4.595918367346938926e-01 inf nan
4.604081632653061473e-01 inf nan
4.612244897959183465e-01 inf nan
4.620408163265306012e-01 inf nan
4.628571428571428559e-01 inf nan
4.636734693877551106e-01 inf nan
4.644897959183673652e-01 inf nan
4.653061224489795644e-01 inf nan
4.661224489795918191e-01 inf nan
4.669387755102040738e-01 inf nan
4.677551020408163285e-01 inf nan
4.685714285714285832e-01 inf nan
4.693877551020408379e-01 inf nan
4.702040816326530370e-01 inf nan
4.710204081632652917e-01 inf nan
4.718367346938775464e-01 inf nan
4.726530612244898011e-01 inf nan
4.734693877551020558e-01 inf nan
4.742857142857143105e-01 inf nan
4.751020408163265096e-01 inf nan
4.759183673469387643e-01 inf nan
4.767346938775510190e-01 inf nan
4.775510204081632737e-01 inf nan
4.783673469387755284e-01 inf nan
4.791836734693877276e-01 inf nan
4.799999999999999822e-01 inf nan
4.808163265306122369e-01 inf nan
4.816326530612244916e-01 inf nan
4.824489795918367463e-01 inf nan
4.832653061224490010e-01 inf nan
4.840816326530612002e-01 inf nan
4.848979591836734548e-01 inf nan
4.857142857142857095e-01 inf nan
4.865306122448979642e-01 inf nan
4.873469387755102189e-01 inf nan
4.881632653061224736e-01 inf nan
4.889795918367346728e-01 inf nan
4.897959183673469274e-01 inf nan
4.906122448979591821e-01 inf nan
4.914285714285714368e-01 inf nan
4.922448979591836915e-01 inf nan
4.930612244897958907e-01 inf nan
4.938775510204081454e-01 inf nan
4.946938775510204001e-01 inf nan
4.955102040816326547e-01 inf nan
4.963265306122449094e-01 inf nan
4.971428571428571641e-01 inf nan
4.979591836734693633e-01 inf nan
4.987755102040816180e-01 inf nan
4.995918367346938727e-01 inf nan
5.004081632653061273e-01 inf nan
5.012244897959183820e-01 inf nan
5.020408163265306367e-01 inf nan
5.028571428571428914e-01 inf nan
5.036734693877551461e-01 inf nan
5.044897959183674008e-01 inf nan
5.053061224489795444e-01 inf nan
5.061224489795917991e-01 inf nan
5.069387755102040538e-01 inf nan
5.077551020408163085e-01 inf nan
5.085714285714285632e-01 inf nan
5.093877551020408179e-01 inf nan
5.102040816326530726e-01 inf nan
5.110204081632653272e-01 inf nan
5.118367346938775819e-01 inf nan
5.126530612244898366e-01 inf nan
5.134693877551020913e-01 inf nan
5.142857142857142350e-01 inf nan
5.151020408163264896e-01 inf nan
5.159183673469387443e-01 inf nan
5.167346938775509990e-01 inf nan
5.175510204081632537e-01 inf nan
5.183673469387755084e-01 inf nan
5.191836734693877631e-01 inf nan
5.200000000000000178e-01 inf nan
5.208163265306122724e-01 inf nan
5.216326530612245271e-01 inf nan
5.224489795918367818e-01 inf nan
5.232653061224489255e-01 inf nan
5.240816326530611802e-01 inf nan
5.248979591836734349e-01 inf nan
5.257142857142856895e-01 inf nan
5.265306122448979442e-01 inf nan
5.273469387755101989e-01 inf nan
5.281632653061224536e-01 inf nan
5.289795918367347083e-01 inf nan
5.297959183673469630e-01 inf nan
5.306122448979592177e-01 inf nan
5.314285714285714723e-01 inf nan
5.322448979591837270e-01 inf nan
5.330612244897958707e-01 inf nan
5.338775510204081254e-01 inf nan
5.346938775510203801e-01 inf nan
5.355102040816326348e-01 inf nan
5.363265306122448894e-01 inf nan
5.371428571428571441e-01 inf nan
5.379591836734693988e-01 inf nan
5.387755102040816535e-01 inf nan
5.395918367346939082e-01 inf nan
5.404081632653061629e-01 inf nan
5.412244897959184176e-01 inf nan
5.420408163265305612e-01 inf nan
5.428571428571428159e-01 inf nan
5.436734693877550706e-01 inf nan
5.444897959183673253e-01 inf nan
5.453061224489795800e-01 inf nan
5.461224489795918347e-01 inf nan
5.469387755102040893e-01 inf nan
5.477551020408163440e-01 inf nan
5.485714285714285987e-01 inf nan
5.493877551020408534e-01 inf nan
5.502040816326531081e-01 inf nan
5.510204081632652517e-01 inf nan
5.518367346938775064e-01 inf nan
5.526530612244897611e-01 inf nan
5.534693877551020158e-01 inf nan
5.542857142857142705e-01 inf nan
5.551020408163265252e-01 inf nan
5.559183673469387799e-01 inf nan
5.567346938775510345e-01 inf nan
5.575510204081632892e-01 inf nan
5.583673469387755439e-01 inf nan
5.591836734693877986e-01 inf nan
5.600000000000000533e-01 inf nan
5.608163265306121970e-01 inf nan
5.616326530612244516e-01 inf nan
5.624489795918367063e-01 inf nan
5.632653061224489610e-01 inf nan
5.640816326530612157e-01 inf nan
5.648979591836734704e-01 inf nan
5.657142857142857251e-01 inf nan
5.665306122448979798e-01 inf nan
5.673469387755102344e-01 inf nan
5.681632653061224891e-01 inf nan
5.689795918367347438e-01 inf nan
5.697959183673468875e-01 inf nan
5.706122448979591422e-01 inf nan
5.714285714285713969e-01 inf nan
5.722448979591836515e-01 inf nan
5.730612244897959062e-01 inf nan
5.738775510204081609e-01 inf nan
5.746938775510204156e-01 inf nan
5.755102040816326703e-01 inf nan
5.763265306122449250e-01 inf nan
5.771428571428571797e-01 inf nan
5.779591836734694343e-01 inf nan
5.787755102040815780e-01 inf nan
5.795918367346938327e-01 inf nan
5.804081632653060874e-01 inf nan
5.812244897959183421e-01 inf nan
5.820408163265305967e-01 inf nan
5.828571428571428514e-01 inf nan
5.836734693877551061e-01 inf nan
5.844897959183673608e-01 inf nan
5.853061224489796155e-01 inf nan
5.861224489795918702e-01 inf nan
5.869387755102041249e-01 inf nan
5.877551020408163795e-01 inf nan
5.885714285714285232e-01 inf nan
5.893877551020407779e-01 inf nan
5.902040816326530326e-01 inf nan
5.910204081632652873e-01 inf nan
5.918367346938775420e-01 inf nan
5.926530612244897966e-01 inf nan
5.934693877551020513e-01 inf nan
5.942857142857143060e-01 inf nan
5.951020408163265607e-01 inf nan
5.959183673469388154e-01 inf nan
5.967346938775510701e-01 inf nan
5.975510204081632137e-01 inf nan
5.983673469387754684e-01 inf nan
5.991836734693877231e-01 inf nan
5.999999999999999778e-01 inf nan
6.008163265306122325e-01 inf nan
6.016326530612244872e-01 inf nan
6.024489795918367419e-01 inf nan
6.032653061224489965e-01 inf nan
6.040816326530612512e-01 inf nan
6.048979591836735059e-01 inf nan
6.057142857142857606e-01 inf nan
6.065306122448979043e-01 inf nan
6.073469387755101589e-01 inf nan
6.081632653061224136e-01 inf nan
6.089795918367346683e-01 inf nan
6.097959183673469230e-01 inf nan
6.106122448979591777e-01 inf nan
6.114285714285714324e-01 inf nan
6.122448979591836871e-01 inf nan
6.130612244897959418e-01 inf nan
6.138775510204081964e-01 inf nan
6.146938775510204511e-01 inf nan
6.155102040816327058e-01 inf nan
6.163265306122448495e-01 inf nan
6.171428571428571042e-01 inf nan
6.179591836734693588e-01 inf nan
6.187755102040816135e-01 inf nan
6.195918367346938682e-01 inf nan
6.204081632653061229e-01 inf nan
6.212244897959183776e-01 inf nan
6.220408163265306323e-01 inf nan
6.228571428571428870e-01 inf nan
6.236734693877551416e-01 inf nan
6.244897959183673963e-01 inf nan
6.253061224489795400e-01 inf nan
6.261224489795917947e-01 inf nan
6.269387755102040494e-01 inf nan
6.277551020408163041e-01 inf nan
6.285714285714285587e-01 inf nan
6.293877551020408134e-01 inf nan
6.302040816326530681e-01 inf nan
6.310204081632653228e-01 inf nan
6.318367346938775775e-01 inf nan
6.326530612244898322e-01 inf nan
6.334693877551020869e-01 inf nan
6.342857142857142305e-01 inf nan
6.351020408163264852e-01 inf nan
6.359183673469387399e-01 inf nan
6.367346938775509946e-01 inf nan
6.375510204081632493e-01 inf nan
6.383673469387755040e-01 inf nan
6.391836734693877586e-01 inf nan
6.400000000000000133e-01 inf nan
6.408163265306122680e-01 inf nan
6.416326530612245227e-01 inf nan
6.424489795918367774e-01 inf nan
6.432653061224490321e-01 inf nan
6.440816326530611757e-01 inf nan
6.448979591836734304e-01 inf nan
6.457142857142856851e-01 inf nan
6.465306122448979398e-01 inf nan
6.473469387755101945e-01 inf nan
6.481632653061224492e-01 inf nan
6.489795918367347038e-01 inf nan
6.497959183673469585e-01 inf nan
6.506122448979592132e-01 inf nan
6.514285714285714679e-01 inf nan
6.522448979591837226e-01 inf nan
6.530612244897958663e-01 inf nan
6.538775510204081209e-01 inf nan
6.546938775510203756e-01 inf nan
6.555102040816326303e-01 inf nan
6.563265306122448850e-01 inf nan
6.571428571428571397e-01 inf nan
6.579591836734693944e-01 inf nan
6.587755102040816491e-01 inf nan
6.595918367346939037e-01 inf nan
6.604081632653061584e-01 inf nan
6.612244897959184131e-01 inf nan
6.620408163265305568e-01 inf nan
6.628571428571428115e-01 inf nan
6.636734693877550662e-01 inf nan
6.644897959183673208e-01 inf nan
6.653061224489795755e-01 inf nan
6.661224489795918302e-01 inf nan
6.669387755102040849e-01 inf nan
6.677551020408163396e-01 inf nan
6.685714285714285943e-01 inf nan
6.693877551020408490e-01 inf nan
6.702040816326531036e-01 inf nan
6.710204081632653583e-01 inf nan
6.718367346938775020e-01 inf nan
6.726530612244897567e-01 inf nan
6.734693877551020114e-01 inf nan
6.742857142857142660e-01 inf nan
6.751020408163265207e-01 inf nan
6.759183673469387754e-01 inf nan
6.767346938775510301e-01 inf nan
6.775510204081632848e-01 inf nan
6.783673469387755395e-01 inf nan
6.791836734693877942e-01 inf nan
6.800000000000000488e-01 inf nan
6.808163265306121925e-01 inf inf
6.816326530612244472e-01 inf inf
6.824489795918367019e-01 inf inf
6.832653061224489566e-01 inf inf
6.840816326530612113e-01 inf inf
6.848979591836734659e-01 inf inf
6.857142857142857206e-01 inf inf
6.865306122448979753e-01 inf inf
6.873469387755102300e-01 inf inf
6.881632653061224847e-01 inf inf
6.889795918367347394e-01 inf inf
6.897959183673469941e-01 inf inf
6.906122448979591377e-01 inf inf
6.914285714285713924e-01 inf inf
6.922448979591836471e-01 inf inf
6.930612244897959018e-01 inf inf
6.938775510204081565e-01 inf inf
6.946938775510204112e-01 inf inf
6.955102040816326658e-01 inf inf
6.963265306122449205e-01 inf inf
6.971428571428571752e-01 inf inf
6.979591836734694299e-01 inf inf
6.987755102040816846e-01 inf inf
6.995918367346938282e-01 inf inf
7.004081632653060829e-01 inf inf
7.012244897959183376e-01 inf inf
7.020408163265305923e-01 inf inf
7.028571428571428470e-01 inf inf
7.036734693877551017e-01 inf inf
7.044897959183673564e-01 inf inf
7.053061224489796111e-01 inf inf
7.061224489795918657e-01 inf inf
7.069387755102041204e-01 inf inf
7.077551020408163751e-01 inf inf
7.085714285714285188e-01 inf inf
7.093877551020407735e-01 inf inf
7.102040816326530281e-01 inf inf
7.110204081632652828e-01 inf inf
7.118367346938775375e-01 inf inf
7.126530612244897922e-01 inf inf
7.134693877551020469e-01 inf inf
7.142857142857143016e-01 inf inf
7.151020408163265563e-01 inf inf
7.159183673469388109e-01 inf inf
7.167346938775510656e-01 inf inf
7.175510204081633203e-01 inf inf
7.183673469387754640e-01 inf inf
7.191836734693877187e-01 inf inf
7.199999999999999734e-01 inf inf
7.208163265306122280e-01 inf inf
7.216326530612244827e-01 inf inf
7.224489795918367374e-01 inf inf
7.232653061224489921e-01 inf inf
7.240816326530612468e-01 inf inf
7.248979591836735015e-01 inf inf
7.257142857142857562e-01 inf inf
7.265306122448980108e-01 inf inf
7.273469387755101545e-01 inf inf
7.281632653061224092e-01 inf inf
7.289795918367346639e-01 inf inf
7.297959183673469186e-01 inf inf
7.306122448979591733e-01 inf inf
7.314285714285714279e-01 8.941016163021230535e+307 8.941016163021230535e+307
7.322448979591836826e-01 3.279369361909265421e+307 3.279369361909265421e+307
7.330612244897959373e-01 1.197809744662406415e+307 1.197809744662406415e+307
7.338775510204081920e-01 4.356883053442863780e+306 4.356883053442863780e+306
7.346938775510204467e-01 1.578159861579655175e+306 1.578159861579655175e+306
7.355102040816327014e-01 5.692585516238341283e+305 5.692585516238341283e+305
7.363265306122448450e-01 2.044786815147114618e+305 2.044786815147114618e+305
7.371428571428570997e-01 7.314132240227310525e+304 7.314132240227310525e+304
7.379591836734693544e-01 2.605255067869340262e+304 2.605255067869340262e+304
7.387755102040816091e-01 9.240738970008224557e+303 9.240738970008224557e+303
7.395918367346938638e-01 3.263837163800983912e+303 3.263837163800983912e+303
7.404081632653061185e-01 1.147920678338833704e+303 1.147920678338833704e+303
7.412244897959183731e-01 4.020250833824182652e+302 4.020250833824182652e+302
7.420408163265306278e-01 1.402001665922391685e+302 1.402001665922391685e+302
7.428571428571428825e-01 4.868489301444071913e+301 4.868489301444071913e+301
7.436734693877551372e-01 1.683396410488076400e+301 1.683396410488076400e+301
7.444897959183673919e-01 5.795904308039708331e+300 5.795904308039708331e+300
7.453061224489796466e-01 1.986985814256026283e+300 1.986985814256026283e+300
7.461224489795917902e-01 6.782708687622006322e+299 6.782708687622006322e+299
7.469387755102040449e-01 2.305379674152842156e+299 2.305379674152842156e+299
7.477551020408162996e-01 7.802049115581035264e+298 7.802049115581035264e+298
7.485714285714285543e-01 2.629043813210034327e+298 2.629043813210034327e+298
7.493877551020408090e-01 8.820757020357197199e+297 8.820757020357197199e+297
7.502040816326530637e-01 2.946651148258001702e+297 2.946651148258001702e+297
7.510204081632653184e-01 9.800817949646302619e+296 9.800817949646302619e+296
7.518367346938775730e-01 3.245656324256395121e+296 3.245656324256395121e+296
7.526530612244898277e-01 1.070151326002643578e+296 1.070151326002643578e+296
7.534693877551020824e-01 3.513064482978850794e+295 3.513064482978850794e+295
7.542857142857143371e-01 1.148209387292363771e+295 1.148209387292363771e+295
7.551020408163264808e-01 3.736335411623210398e+294 3.736335411623210398e+294
7.559183673469387355e-01 1.210475835298543325e+294 1.210475835298543325e+294
7.567346938775509901e-01 3.904339533488378578e+293 3.904339533488378578e+293
7.575510204081632448e-01 1.253764203641984933e+293 1.253764203641984933e+293
7.583673469387754995e-01 4.008266614445392609e+292 4.008266614445392609e+292
7.591836734693877542e-01 1.275749374059860014e+292 1.275749374059860014e+292
7.600000000000000089e-01 4.042385234666877738e+291 4.042385234666877738e+291
7.608163265306122636e-01 1.275173024669502781e+291 1.275173024669502781e+291
7.616326530612245183e-01 4.004562660539571132e+290 4.004562660539571132e+290
7.624489795918367729e-01 1.251961773958835384e+290 1.251961773958835384e+290
7.632653061224490276e-01 3.896479959591998740e+289 3.896479959591998740e+289
7.640816326530611713e-01 1.207242722523107669e+289 1.207242722523107669e+289
7.648979591836734260e-01 3.723512772775769262e+288 3.723512772775769262e+288
7.657142857142856807e-01 1.143253388657470843e+288 1.143253388657470843e+288
7.665306122448979353e-01 3.494288844986505936e+287 3.494288844986505936e+287
7.673469387755101900e-01 1.063155967731167922e+287 1.063155967731167922e+287
7.681632653061224447e-01 3.219972909706000026e+286 3.219972909706000026e+286
7.689795918367346994e-01 9.707773952835960361e+285 9.707773952835960361e+285
7.697959183673469541e-01 2.913361642257094992e+285 2.913361642257094992e+285
7.706122448979592088e-01 8.703050668603200402e+284 8.703050668603200402e+284
7.714285714285714635e-01 2.587891257016721346e+284 2.587891257016721346e+284
7.722448979591837182e-01 7.659720422454959396e+283 7.659720422454959396e+283
7.730612244897959728e-01 2.256665256459237343e+283 2.256665256459237343e+283
7.738775510204081165e-01 6.617647060078447041e+282 6.617647060078447041e+282
7.746938775510203712e-01 1.931599826808555436e+282 1.931599826808555436e+282
7.755102040816326259e-01 5.611805812620474734e+281 5.611805812620474734e+281
7.763265306122448806e-01 1.622761933198081592e+281 1.622761933198081592e+281
7.771428571428571352e-01 4.670554303532499428e+280 4.670554303532499428e+280
7.779591836734693899e-01 1.337944727034975991e+280 1.337944727034975991e+280
7.787755102040816446e-01 3.814685175608483420e+279 3.814685175608483420e+279
7.795918367346938993e-01 1.082491814231246121e+279 1.082491814231246121e+279
7.804081632653061540e-01 3.057246755675593209e+278 3.057246755675593209e+278
7.812244897959184087e-01 8.593514914064163924e+277 8.593514914064163924e+277
7.820408163265306634e-01 2.404031312077022146e+277 2.404031312077022146e+277
7.828571428571428070e-01 6.693184153540024817e+276 6.693184153540024817e+276
7.836734693877550617e-01 1.854569775876756246e+276 1.854569775876756246e+276
7.844897959183673164e-01 5.114058174896278493e+275 5.114058174896278493e+275
7.853061224489795711e-01 1.403442160262320391e+275 1.403442160262320391e+275
7.861224489795918258e-01 3.832869035818000710e+274 3.832869035818000710e+274
7.869387755102040805e-01 1.041713368654828520e+274 1.041713368654828520e+274
7.877551020408163351e-01 2.817483826103402616e+273 2.817483826103402616e+273
7.885714285714285898e-01 7.583289801107525367e+272 7.583289801107525367e+272
7.893877551020408445e-01 2.031098302469352637e+272 2.031098302469352637e+272
7.902040816326530992e-01 5.413464483853017734e+271 5.413464483853017734e+271
7.910204081632653539e-01 1.435769218111041416e+271 1.435769218111041416e+271
7.918367346938774975e-01 3.789246596248871089e+270 3.789246596248871089e+270
7.926530612244897522e-01 9.951162533925402853e+269 9.951162533925402853e+269
7.934693877551020069e-01 2.600406670388378287e+269 2.600406670388378287e+269
7.942857142857142616e-01 6.761591856206208550e+268 6.761591856206208550e+268
7.951020408163265163e-01 1.749405695852284662e+268 1.749405695852284662e+268
7.959183673469387710e-01 4.503598252919853083e+267 4.503598252919853083e+267
7.967346938775510257e-01 1.153585618063454172e+267 1.153585618063454172e+267
7.975510204081632804e-01 2.940049323412271437e+266 2.940049323412271437e+266
7.983673469387755350e-01 7.455339797620158947e+265 7.455339797620158947e+265
7.991836734693877897e-01 1.880969284998344057e+265 1.880969284998344057e+265
8.000000000000000444e-01 4.721616776625060958e+264 4.721616776625060958e+264
8.008163265306122991e-01 1.179200927902786437e+264 1.179200927902786437e+264
8.016326530612244428e-01 2.929990085625542091e+263 2.929990085625542091e+263
8.024489795918366974e-01 7.243007027533025220e+262 7.243007027533025220e+262
8.032653061224489521e-01 1.781308638886005135e+262 1.781308638886005135e+262
8.040816326530612068e-01 4.358328750982509105e+261 4.358328750982509105e+261
8.048979591836734615e-01 1.060850811598420881e+261 1.060850811598420881e+261
8.057142857142857162e-01 2.568828206400609762e+260 2.568828206400609762e+260
8.065306122448979709e-01 6.188067946587868056e+259 6.188067946587868056e+259
8.073469387755102256e-01 1.482883825422908298e+259 1.482883825422908298e+259
8.081632653061224802e-01 3.534955381816029435e+258 3.534955381816029435e+258
8.089795918367347349e-01 8.382588443258513418e+257 8.382588443258513418e+257
8.097959183673469896e-01 1.977344451330893040e+257 1.977344451330893040e+257
8.106122448979591333e-01 4.639690404438216042e+256 4.639690404438216042e+256
8.114285714285713880e-01 1.082905607473485687e+256 1.082905607473485687e+256
8.122448979591836427e-01 2.514082365090244335e+255 2.514082365090244335e+255
8.130612244897958973e-01 5.805611887255584802e+254 5.805611887255584802e+254
8.138775510204081520e-01 1.333485578918453579e+254 1.333485578918453579e+254
8.146938775510204067e-01 3.046439999932432366e+253 3.046439999932432366e+253
8.155102040816326614e-01 6.922341140994666755e+252 6.922341140994666755e+252
8.163265306122449161e-01 1.564449097865159635e+252 1.564449097865159635e+252
8.171428571428571708e-01 3.516493976220604783e+251 3.516493976220604783e+251
8.179591836734694255e-01 7.861224058610803561e+250 7.861224058610803561e+250
8.187755102040816801e-01 1.747809536460428891e+250 1.747809536460428891e+250
8.195918367346938238e-01 3.864678457114133618e+249 3.864678457114133618e+249
8.204081632653060785e-01 8.498447154448712615e+248 8.498447154448712615e+248
8.212244897959183332e-01 1.858507329999065043e+248 1.858507329999065043e+248
8.220408163265305879e-01 4.041838185399472147e+247 4.041838185399472147e+247
8.228571428571428426e-01 8.741277027948874616e+246 8.741277027948874616e+246
8.236734693877550972e-01 1.879937675980461288e+246 1.879937675980461288e+246
8.244897959183673519e-01 4.020460772394521033e+245 4.020460772394521033e+245
8.253061224489796066e-01 8.549941306278325616e+244 8.549941306278325616e+244
8.261224489795918613e-01 1.807991541051567374e+244 1.807991541051567374e+244
8.269387755102041160e-01 3.801601167267331497e+243 3.801601167267331497e+243
8.277551020408163707e-01 7.948120783634940249e+242 7.948120783634940249e+242
8.285714285714286254e-01 1.652269443691210016e+242 1.652269443691210016e+242
8.293877551020407690e-01 3.415123850147676002e+241 3.415123850147676002e+241
8.302040816326530237e-01 7.018297784472039861e+240 7.018297784472039861e+240
8.310204081632652784e-01 1.433994046335869141e+240 1.433994046335869141e+240
8.318367346938775331e-01 2.913020290399554630e+239 2.913020290399554630e+239
8.326530612244897878e-01 5.883158625707725432e+238 5.883158625707725432e+238
8.334693877551020424e-01 1.181241447865397274e+238 1.181241447865397274e+238
8.342857142857142971e-01 2.357859641531039772e+237 2.357859641531039772e+237
8.351020408163265518e-01 4.678841712911523110e+236 4.678841712911523110e+236
8.359183673469388065e-01 9.229746347733493759e+235 9.229746347733493759e+235
8.367346938775510612e-01 1.809930747213592367e+235 1.809930747213592367e+235
8.375510204081633159e-01 3.528130111529703184e+234 3.528130111529703184e+234
8.383673469387754595e-01 6.836396223895862016e+233 6.836396223895862016e+233
8.391836734693877142e-01 1.316737794097313999e+233 1.316737794097313999e+233
8.399999999999999689e-01 2.520868274414147616e+232 2.520868274414147616e+232
8.408163265306122236e-01 4.796992056165429174e+231 4.796992056165429174e+231
8.416326530612244783e-01 9.072875372959953017e+230 9.072875372959953017e+230
8.424489795918367330e-01 1.705559905382514379e+230 1.705559905382514379e+230
8.432653061224489877e-01 3.186573685754486497e+229 3.186573685754486497e+229
8.440816326530612423e-01 5.917042047058413994e+228 5.917042047058413994e+228
8.448979591836734970e-01 1.091937228007400460e+228 1.091937228007400460e+228
8.457142857142857517e-01 2.002587580322821233e+227 2.002587580322821233e+227
8.465306122448980064e-01 3.649846216788046618e+226 3.649846216788046618e+226
8.473469387755101501e-01 6.610511452370945454e+225 6.610511452370945454e+225
8.481632653061224048e-01 1.189764813852593340e+225 1.189764813852593340e+225
8.489795918367346594e-01 2.127848609390576800e+224 2.127848609390576800e+224
8.497959183673469141e-01 3.781479277015854182e+223 3.781479277015854182e+223
8.506122448979591688e-01 6.677468205094635304e+222 6.677468205094635304e+222
8.514285714285714235e-01 1.171597968871123977e+222 1.171597968871123977e+222
8.522448979591836782e-01 2.042440903587164127e+221 2.042440903587164127e+221
8.530612244897959329e-01 3.537624914348245766e+220 3.537624914348245766e+220
8.538775510204081876e-01 6.087691057192982909e+219 6.087691057192982909e+219
8.546938775510204422e-01 1.040780037476588247e+219 1.040780037476588247e+219
8.555102040816326969e-01 1.767737086552101643e+218 1.767737086552101643e+218
8.563265306122449516e-01 2.982740365300263265e+217 2.982740365300263265e+217
8.571428571428570953e-01 4.999640993265853855e+216 4.999640993265853855e+216
8.579591836734693500e-01 8.324806601528237799e+215 8.324806601528237799e+215
8.587755102040816046e-01 1.376916681241651867e+215 1.376916681241651867e+215
8.595918367346938593e-01 2.262170805837928984e+214 2.262170805837928984e+214
8.604081632653061140e-01 3.691588032300663607e+213 3.691588032300663607e+213
8.612244897959183687e-01 5.983521834342664936e+212 5.983521834342664936e+212
8.620408163265306234e-01 9.632563559079485964e+211 9.632563559079485964e+211
8.628571428571428781e-01 1.540116595538232932e+211 1.540116595538232932e+211
8.636734693877551328e-01 2.445553762290282335e+210 2.445553762290282335e+210
8.644897959183673875e-01 3.856538983026170015e+209 3.856538983026170015e+209
8.653061224489796421e-01 6.039485577192433977e+208 6.039485577192433977e+208
8.661224489795917858e-01 9.392225449925969704e+207 9.392225449925969704e+207
8.669387755102040405e-01 1.450400163641259968e+207 1.450400163641259968e+207
8.677551020408162952e-01 2.224037880277306972e+206 2.224037880277306972e+206
8.685714285714285499e-01 3.386223088394923175e+205 3.386223088394923175e+205
8.693877551020408045e-01 5.119079035036346489e+204 5.119079035036346489e+204
8.702040816326530592e-01 7.683420690486147462e+203 7.683420690486147462e+203
8.710204081632653139e-01 1.144952099144744828e+203 1.144952099144744828e+203
8.718367346938775686e-01 1.693842993117340593e+202 1.693842993117340593e+202
8.726530612244898233e-01 2.487683348169198549e+201 2.487683348169198549e+201
8.734693877551020780e-01 3.626902825368586855e+200 3.626902825368586855e+200
8.742857142857143327e-01 5.249019028314636384e+199 5.249019028314636384e+199
8.751020408163264763e-01 7.540568380222405476e+198 7.540568380222405476e+198
8.759183673469387310e-01 1.075216180963110013e+198 1.075216180963110013e+198
8.767346938775509857e-01 1.521721224454666195e+197 1.521721224454666195e+197
8.775510204081632404e-01 2.137487487373681401e+196 2.137487487373681401e+196
8.783673469387754951e-01 2.979768802103293844e+195 2.979768802103293844e+195
8.791836734693877498e-01 4.122428519159168345e+194 4.122428519159168345e+194
8.800000000000000044e-01 5.659734887154348957e+193 5.659734887154348957e+193
8.808163265306122591e-01 7.710667547838999380e+192 7.710667547838999380e+192
8.816326530612245138e-01 1.042368020356052181e+192 1.042368020356052181e+192
8.824489795918367685e-01 1.398180970875359427e+191 1.398180970875359427e+191
8.832653061224490232e-01 1.860795377134641025e+190 1.860795377134641025e+190
8.840816326530612779e-01 2.457005899631951734e+189 2.457005899631951734e+189
8.848979591836734215e-01 3.218587064096794778e+188 3.218587064096794778e+188
8.857142857142856762e-01 4.182679963479148005e+187 4.182679963479148005e+187
8.865306122448979309e-01 5.392036785330762952e+186 5.392036785330762952e+186
8.873469387755101856e-01 6.895060838646316354e+185 6.895060838646316354e+185
8.881632653061224403e-01 8.745573490197196700e+184 8.745573490197196700e+184
8.889795918367346950e-01 1.100223662219533090e+184 1.100223662219533090e+184
8.897959183673469497e-01 1.372756129008514240e+183 1.372756129008514240e+183
8.906122448979592043e-01 1.698644155966603355e+182 1.698644155966603355e+182
8.914285714285714590e-01 2.084416821424015580e+181 2.084416821424015580e+181
8.922448979591837137e-01 2.536390093775698028e+180 2.536390093775698028e+180
8.930612244897959684e-01 3.060360990660422497e+179 3.060360990660422497e+179
8.938775510204081121e-01 3.661253787913028175e+178 3.661253787913028175e+178
8.946938775510203667e-01 4.342728033106186826e+177 4.342728033106186826e+177
8.955102040816326214e-01 5.106763138296994591e+176 5.106763138296994591e+176
8.963265306122448761e-01 5.953239359760800117e+175 5.953239359760800117e+175
8.971428571428571308e-01 6.879539569515376894e+174 6.879539569515376894e+174
8.979591836734693855e-01 7.880199870538275601e+173 7.880199870538275601e+173
8.987755102040816402e-01 8.946639271732218286e+172 8.946639271732218286e+172
8.995918367346938949e-01 1.006699881755650369e+172 1.006699881755650369e+172
9.004081632653061495e-01 1.122611835502589824e+171 1.122611835502589824e+171
9.012244897959184042e-01 1.240567426913079715e+170 1.240567426913079715e+170
9.020408163265306589e-01 1.358449399606764797e+169 1.358449399606764797e+169
9.028571428571428026e-01 1.473905316029538964e+168 1.473905316029538964e+168
9.036734693877550573e-01 1.584414928703159400e+167 1.584414928703159400e+167
9.044897959183673120e-01 1.687373299520192460e+166 1.687373299520192460e+166
9.053061224489795666e-01 1.780186438629033324e+165 1.780186438629033324e+165
9.061224489795918213e-01 1.860375016946345316e+164 1.860375016946345316e+164
9.069387755102040760e-01 1.925680710610777762e+163 1.925680710610777762e+163
9.077551020408163307e-01 1.974169073827240231e+162 1.974169073827240231e+162
9.085714285714285854e-01 2.004322599662111267e+161 2.004322599662111267e+161
9.093877551020408401e-01 2.015117873987640073e+160 2.015117873987640073e+160
9.102040816326530948e-01 2.006081470963851092e+159 2.006081470963851092e+159
9.110204081632653494e-01 1.977320446292103328e+158 1.977320446292103328e+158
9.118367346938776041e-01 1.929524875968733011e+157 1.929524875968733011e+157
9.126530612244897478e-01 1.863941740650711849e+156 1.863941740650711849e+156
9.134693877551020025e-01 1.782321414206027598e+155 1.782321414206027598e+155
9.142857142857142572e-01 1.686839909872226833e+154 1.686839909872226833e+154
9.151020408163265119e-01 1.580001699702055485e+153 1.580001699702055485e+153
9.159183673469387665e-01 1.464529204716084769e+152 1.464529204716084769e+152
9.167346938775510212e-01 1.343245842259316871e+151 1.343245842259316871e+151
9.175510204081632759e-01 1.218959750093243676e+150 1.218959750093243676e+150
9.183673469387755306e-01 1.094354975639573911e+149 1.094354975639573911e+149
9.191836734693877853e-01 9.718960707269707653e+147 9.718960707269707653e+147
9.200000000000000400e-01 8.537507631057074304e+146 8.537507631057074304e+146
9.208163265306122947e-01 7.417338190100127978e+145 7.417338190100127978e+145
9.216326530612244383e-01 6.372735203187515617e+144 6.372735203187515617e+144
9.224489795918366930e-01 5.414005128372840296e+143 5.414005128372840296e+143
9.232653061224489477e-01 4.547572831083532045e+142 4.547572831083532045e+142
9.240816326530612024e-01 3.776253057611496806e+141 3.776253057611496806e+141
9.248979591836734571e-01 3.099660497422415677e+140 3.099660497422415677e+140
9.257142857142857117e-01 2.514715747465871414e+139 2.514715747465871414e+139
9.265306122448979664e-01 2.016203815150784818e+138 2.016203815150784818e+138
9.273469387755102211e-01 1.597344571862304742e+137 1.597344571862304742e+137
9.281632653061224758e-01 1.250340078238245354e+136 1.250340078238245354e+136
9.289795918367347305e-01 9.668710622589484559e+134 9.668710622589484559e+134
9.297959183673469852e-01 7.385231116459434517e+133 7.385231116459434517e+133
9.306122448979591288e-01 5.571314701889000793e+132 5.571314701889000793e+132
9.314285714285713835e-01 4.150409725334581178e+131 4.150409725334581178e+131
9.322448979591836382e-01 3.052840778705087669e+130 3.052840778705087669e+130
9.330612244897958929e-01 2.216848509470519533e+129 2.216848509470519533e+129
9.338775510204081476e-01 1.588999805740130848e+128 1.588999805740130848e+128
9.346938775510204023e-01 1.124095932444221588e+127 1.124095932444221588e+127
9.355102040816326570e-01 7.847092024044254713e+125 7.847092024044254713e+125
9.363265306122449116e-01 5.404710286830946654e+124 5.404710286830946654e+124
9.371428571428571663e-01 3.672189916140378982e+123 3.672189916140378982e+123
9.379591836734694210e-01 2.460910561730831518e+122 2.460910561730831518e+122
9.387755102040816757e-01 1.626340892969844897e+121 1.626340892969844897e+121
9.395918367346939304e-01 1.059735594897998638e+120 1.059735594897998638e+120
9.404081632653060741e-01 6.807329342228433453e+118 6.807329342228433453e+118
9.412244897959183287e-01 4.309930979899015517e+117 4.309930979899015517e+117
9.420408163265305834e-01 2.689038393003050841e+116 2.689038393003050841e+116
9.428571428571428381e-01 1.653001955873323936e+115 1.653001955873323936e+115
9.436734693877550928e-01 1.000952741445063425e+114 1.000952741445063425e+114
9.444897959183673475e-01 5.969381085544245291e+112 5.969381085544245291e+112
9.453061224489796022e-01 3.505336043324902859e+111 3.505336043324902859e+111
9.461224489795918569e-01 2.026380629014607973e+110 2.026380629014607973e+110
9.469387755102041115e-01 1.152940702715322219e+109 1.152940702715322219e+109
9.477551020408163662e-01 6.454879041901503318e+107 6.454879041901503318e+107
9.485714285714286209e-01 3.555182949067050129e+106 3.555182949067050129e+106
9.493877551020407646e-01 1.925851468539981573e+105 1.925851468539981573e+105
9.502040816326530193e-01 1.025797173964197349e+104 1.025797173964197349e+104
9.510204081632652739e-01 5.371126833634259760e+102 5.371126833634259760e+102
9.518367346938775286e-01 2.763873156245728062e+101 2.763873156245728062e+101
9.526530612244897833e-01 1.397330901614052973e+100 1.397330901614052973e+100
9.534693877551020380e-01 6.938800710073830387e+98 6.938800710073830387e+98
9.542857142857142927e-01 3.383333109274362934e+97 3.383333109274362934e+97
9.551020408163265474e-01 1.619373112130549462e+96 1.619373112130549462e+96
9.559183673469388021e-01 7.605936905825489894e+94 7.605936905825489894e+94
9.567346938775510568e-01 3.504441919067131998e+93 3.504441919067131998e+93
9.575510204081633114e-01 1.583422179970704530e+92 1.583422179970704530e+92
9.583673469387754551e-01 7.013454289473580256e+90 7.013454289473580256e+90
9.591836734693877098e-01 3.044137606493848610e+89 3.044137606493848610e+89
9.599999999999999645e-01 1.294276193238891484e+88 1.294276193238891484e+88
9.608163265306122192e-01 5.388235638799869025e+86 5.388235638799869025e+86
9.616326530612244738e-01 2.195545930920538017e+85 2.195545930920538017e+85
9.624489795918367285e-01 8.752388359058663015e+83 8.752388359058663015e+83
9.632653061224489832e-01 3.411948004377284065e+82 3.411948004377284065e+82
9.640816326530612379e-01 1.300064861955227128e+81 1.300064861955227128e+81
9.648979591836734926e-01 4.839496948058470203e+79 4.839496948058470203e+79
9.657142857142857473e-01 1.759073277823798136e+78 1.759073277823798136e+78
9.665306122448980020e-01 6.239955884168696656e+76 6.239955884168696656e+76
9.673469387755102566e-01 2.158972078066491640e+75 2.158972078066491640e+75
9.681632653061224003e-01 7.281524715237595272e+73 7.281524715237595272e+73
9.689795918367346550e-01 2.392413343673200130e+72 2.392413343673200130e+72
9.697959183673469097e-01 7.652500594247111392e+70 7.652500594247111392e+70
9.706122448979591644e-01 2.381350058765597529e+69 2.381350058765597529e+69
9.714285714285714191e-01 7.204084211393133667e+67 7.204084211393133667e+67
9.722448979591836737e-01 2.117069247678589124e+66 2.117069247678589124e+66
9.730612244897959284e-01 6.038620337340895412e+64 6.038620337340895412e+64
9.738775510204081831e-01 1.670364385013945224e+63 1.670364385013945224e+63
9.746938775510204378e-01 4.476688469050439753e+61 4.476688469050439753e+61
9.755102040816326925e-01 1.161316673979143297e+60 1.161316673979143297e+60
9.763265306122449472e-01 2.913001690582677243e+58 2.913001690582677243e+58
9.771428571428570908e-01 7.057397579527836665e+56 7.057397579527836665e+56
9.779591836734693455e-01 1.649475227268315569e+55 1.649475227268315569e+55
9.787755102040816002e-01 3.714414606861446224e+53 3.714414606861446224e+53
9.795918367346938549e-01 8.047898314864504932e+51 8.047898314864504932e+51
9.804081632653061096e-01 1.675249441063069817e+50 1.675249441063069817e+50
9.812244897959183643e-01 3.344924008775934868e+48 3.344924008775934868e+48
9.820408163265306190e-01 6.395116558757563659e+46 6.395116558757563659e+46
9.828571428571428736e-01 1.168542892796289101e+45 1.168542892796289101e+45
9.836734693877551283e-01 2.036464792427127604e+43 2.036464792427127604e+43
9.844897959183673830e-01 3.377221877985651382e+41 3.377221877985651382e+41
9.853061224489796377e-01 5.316256477355647984e+39 5.316256477355647984e+39
9.861224489795917814e-01 7.921574221234826406e+37 7.921574221234826406e+37
9.869387755102040360e-01 1.113868997195167824e+36 1.113868997195167824e+36
9.877551020408162907e-01 1.472884624390596115e+34 1.472884624390596115e+34
9.885714285714285454e-01 1.824382276289365701e+32 1.824382276289365701e+32
9.893877551020408001e-01 2.107372266340663308e+30 2.107372266340663308e+30
9.902040816326530548e-01 2.258519329136428948e+28 2.258519329136428948e+28
9.910204081632653095e-01 2.232473801453198168e+26 2.232473801453198168e+26
9.918367346938775642e-01 2.021169696786814624e+24 2.021169696786814624e+24
9.926530612244898188e-01 1.662146132226942068e+22 1.662146132226942068e+22
9.934693877551020735e-01 1.229195989321028239e+20 1.229195989321028239e+20
9.942857142857143282e-01 8.073536875678977280e+17 8.073536875678977280e+17
9.951020408163265829e-01 4.636157352729689000e+15 4.636157352729689000e+15
9.959183673469387266e-01 2.280077386587247656e+13 2.280077386587247656e+13
9.967346938775509813e-01 9.336926234994596863e+10 9.336926234994596863e+10
9.975510204081632359e-01 3.056277000000505447e+08 3.056277000000505447e+08
9.983673469387754906e-01 7.497000000000830041e+05 7.497000000000830041e+05
9.991836734693877453e-01 1.225000000000063892e+03 1.225000000000063892e+03
1.000000000000000000e+00 1.000000000000000000e+00 1.000000000000000000e+00
